0 0.3786057692307692 0.5036057692307693 0.7427884615384616 0.9735576923076923
1 0.7391826923076923 0.7151442307692307 0.03245192307692308 0.03365384615384615
1 0.5552884615384616 0.578125 0.02283653846153846 0.03485576923076923
1 0.4963942307692308 0.4963942307692308 0.010817307692307692 0.020432692307692308
1 0.3004807692307692 0.40384615384615385 0.16826923076923078 0.30288461538461536
1 0.16826923076923078 0.5132211538461539 0.07572115384615384 0.06850961538461539
1 0.6670673076923077 0.6418269230769231 0.028846153846153848 0.021634615384615384
1 0.028846153846153848 0.6802884615384616 0.042067307692307696 0.026442307692307692
1 0.040865384615384616 0.7992788461538461 0.07692307692307693 0.09254807692307693
1 0.24158653846153846 0.6658653846153846 0.01201923076923077 0.030048076923076924
1 0.4050480769230769 0.5216346153846154 0.015625 0.019230769230769232