1 0.8942307692307693 0.7836538461538461 0.1346153846153846 0.1935096153846154
1 0.7403846153846154 0.796875 0.027644230769230768 0.06009615384615385
1 0.5769230769230769 0.33413461538461536 0.21995192307692307 0.31490384615384615
1 0.5264423076923077 0.04927884615384615 0.040865384615384616 0.06009615384615385
1 0.47836538461538464 0.5925480769230769 0.11538461538461539 0.12740384615384615
1 0.35096153846153844 0.75 0.12379807692307693 0.13581730769230768
1 0.18028846153846154 0.3389423076923077 0.0829326923076923 0.09975961538461539
1 0.34975961538461536 0.40024038461538464 0.0673076923076923 0.0733173076923077
1 0.3088942307692308 0.3016826923076923 0.025240384615384616 0.056490384615384616
0 0.36538461538461536 0.27163461538461536 0.1346153846153846 0.20793269230769232
0 0.3942307692307692 0.7163461538461539 0.31850961538461536 0.3858173076923077
1 0.6598557692307693 0.8209134615384616 0.038461538461538464 0.039663461538461536
1 0.47475961538461536 0.8978365384615384 0.036057692307692304 0.039663461538461536