1 0.7475961538461539 0.3137019230769231 0.015625 0.02403846153846154
1 0.6862980769230769 0.3762019230769231 0.10216346153846154 0.0889423076923077
1 0.5709134615384616 0.4074519230769231 0.025240384615384616 0.02403846153846154
1 0.3858173076923077 0.5168269230769231 0.026442307692307692 0.020432692307692308
1 0.31971153846153844 0.5336538461538461 0.03125 0.04447115384615385
1 0.2932692307692308 0.47596153846153844 0.055288461538461536 0.0985576923076923
1 0.2704326923076923 0.5637019230769231 0.025240384615384616 0.015625
1 0.5264423076923077 0.4831730769230769 0.018028846153846152 0.02403846153846154
0 0.859375 0.22596153846153846 0.234375 0.2980769230769231
0 0.4891826923076923 0.29927884615384615 0.46875 0.5504807692307693
1 0.5108173076923077 0.515625 0.019230769230769232 0.026442307692307692