0 0.6670673076923077 0.46274038461538464 0.6346153846153846 0.7644230769230769
1 0.2536057692307692 0.7512019230769231 0.046875 0.06370192307692307
1 0.19471153846153846 0.7487980769230769 0.019230769230769232 0.046875
1 0.15865384615384615 0.7163461538461539 0.030048076923076924 0.027644230769230768
1 0.04567307692307692 0.6706730769230769 0.019230769230769232 0.025240384615384616
1 0.018028846153846152 0.6526442307692307 0.02403846153846154 0.04447115384615385
1 0.09975961538461539 0.6887019230769231 0.020432692307692308 0.027644230769230768
1 0.4230769230769231 0.5108173076923077 0.05048076923076923 0.09975961538461539
1 0.5348557692307693 0.7283653846153846 0.16706730769230768 0.1502403846153846
1 0.4110576923076923 0.734375 0.08774038461538461 0.17548076923076922
1 0.7139423076923077 0.5661057692307693 0.0625 0.10576923076923077
1 0.6610576923076923 0.6670673076923077 0.05889423076923077 0.03365384615384615