1 0.5757211538461539 0.5637019230769231 0.1466346153846154 0.14783653846153846
1 0.3858173076923077 0.6790865384615384 0.042067307692307696 0.04927884615384615
1 0.48197115384615385 0.6370192307692307 0.020432692307692308 0.02403846153846154
1 0.796875 0.38341346153846156 0.014423076923076924 0.02403846153846154
1 0.4543269230769231 0.6622596153846154 0.014423076923076924 0.02283653846153846
1 0.40625 0.5865384615384616 0.038461538461538464 0.02283653846153846
1 0.3870192307692308 0.6117788461538461 0.014423076923076924 0.016826923076923076
1 0.7752403846153846 0.3737980769230769 0.015625 0.021634615384615384
1 0.890625 0.24639423076923078 0.019230769230769232 0.016826923076923076
1 0.9831730769230769 0.23197115384615385 0.028846153846153848 0.042067307692307696
0 0.5 0.34375 0.984375 0.671875