1 0.7572115384615384 0.8389423076923077 0.036057692307692304 0.02403846153846154
1 0.7079326923076923 0.8233173076923077 0.038461538461538464 0.042067307692307696
1 0.5793269230769231 0.7776442307692307 0.11658653846153846 0.10336538461538461
1 0.5973557692307693 0.6862980769230769 0.01201923076923077 0.016826923076923076
1 0.5144230769230769 0.6911057692307693 0.14423076923076922 0.09014423076923077
1 0.375 0.7295673076923077 0.06610576923076923 0.08653846153846154
1 0.3329326923076923 0.7584134615384616 0.013221153846153846 0.025240384615384616
1 0.27884615384615385 0.7223557692307693 0.027644230769230768 0.03485576923076923
1 0.3737980769230769 0.6057692307692307 0.015625 0.019230769230769232
1 0.45552884615384615 0.8533653846153846 0.04447115384615385 0.010817307692307692
1 0.41225961538461536 0.8545673076923077 0.014423076923076924 0.009615384615384616
1 0.375 0.8533653846153846 0.015625 0.010817307692307692
1 0.31009615384615385 0.8497596153846154 0.055288461538461536 0.01201923076923077
1 0.27524038461538464 0.8629807692307693 0.06490384615384616 0.014423076923076924
1 0.12740384615384615 0.8605769230769231 0.055288461538461536 0.013221153846153846
1 0.11538461538461539 0.8112980769230769 0.013221153846153846 0.013221153846153846
1 0.20673076923076922 0.8497596153846154 0.01201923076923077 0.013221153846153846
0 0.6033653846153846 0.640625 0.578125 0.33413461538461536
0 0.3401442307692308 0.8389423076923077 0.28966346153846156 0.055288461538461536