1 0.5997596153846154 0.4723557692307692 0.4170673076923077 0.03125
1 0.46634615384615385 0.5360576923076923 0.027644230769230768 0.025240384615384616
1 0.24278846153846154 0.5276442307692307 0.2403846153846154 0.038461538461538464
1 0.1971153846153846 0.5649038461538461 0.02283653846153846 0.026442307692307692
1 0.2608173076923077 0.4891826923076923 0.037259615384615384 0.014423076923076924
1 0.9771634615384616 0.5805288461538461 0.037259615384615384 0.020432692307692308
1 0.9122596153846154 0.5576923076923077 0.008413461538461538 0.020432692307692308
1 0.9074519230769231 0.47836538461538464 0.05889423076923077 0.07451923076923077
1 0.8221153846153846 0.5108173076923077 0.08052884615384616 0.027644230769230768
1 0.8449519230769231 0.5432692307692307 0.038461538461538464 0.015625
1 0.8774038461538461 0.5516826923076923 0.010817307692307692 0.015625
0 0.6370192307692307 0.4362980769230769 0.2403846153846154 0.07211538461538461
0 0.08653846153846154 0.31009615384615385 0.03365384615384615 0.03365384615384615