1 0.6298076923076923 0.5120192307692307 0.11899038461538461 0.17668269230769232
1 0.4026442307692308 0.5408653846153846 0.25721153846153844 0.16947115384615385
1 0.49278846153846156 0.16826923076923078 0.0889423076923077 0.1778846153846154
1 0.3473557692307692 0.1346153846153846 0.09254807692307693 0.203125
1 0.25240384615384615 0.3401442307692308 0.04326923076923077 0.07091346153846154
1 0.17067307692307693 0.32572115384615385 0.06370192307692307 0.08173076923076923
1 0.1466346153846154 0.23317307692307693 0.056490384615384616 0.0625
1 0.11899038461538461 0.390625 0.019230769230769232 0.020432692307692308
1 0.19591346153846154 0.5961538461538461 0.027644230769230768 0.028846153846153848
1 0.13942307692307693 0.6177884615384616 0.025240384615384616 0.037259615384615384
1 0.04447115384615385 0.2764423076923077 0.08413461538461539 0.13942307692307693
0 0.21995192307692307 0.22235576923076922 0.42788461538461536 0.4026442307692308