1 0.8137019230769231 0.6935096153846154 0.34975961538461536 0.30288461538461536
1 0.19471153846153846 0.6862980769230769 0.1310096153846154 0.19110576923076922
1 0.6021634615384616 0.5372596153846154 0.2692307692307692 0.0625
1 0.23798076923076922 0.40625 0.2932692307692308 0.036057692307692304
1 0.4266826923076923 0.5733173076923077 0.040865384615384616 0.06850961538461539
1 0.37740384615384615 0.6766826923076923 0.018028846153846152 0.04447115384615385
1 0.984375 0.4110576923076923 0.025240384615384616 0.02403846153846154
1 0.765625 0.40625 0.028846153846153848 0.016826923076923076
1 0.026442307692307692 0.41947115384615385 0.04807692307692308 0.01201923076923077
1 0.7427884615384616 0.4375 0.03485576923076923 0.015625
1 0.7283653846153846 0.46033653846153844 0.0625 0.028846153846153848
1 0.6442307692307693 0.4519230769230769 0.040865384615384616 0.019230769230769232
1 0.6346153846153846 0.49158653846153844 0.028846153846153848 0.02403846153846154
1 0.5733173076923077 0.4987980769230769 0.04447115384615385 0.02403846153846154
1 0.7776442307692307 0.49038461538461536 0.018028846153846152 0.025240384615384616
1 0.38341346153846156 0.7908653846153846 0.07692307692307693 0.11658653846153846
0 0.8004807692307693 0.30408653846153844 0.3581730769230769 0.2668269230769231
0 0.25 0.296875 0.4519230769230769 0.19471153846153846