1 0.3173076923076923 0.7331730769230769 0.057692307692307696 0.12620192307692307
1 0.22956730769230768 0.7391826923076923 0.06971153846153846 0.10576923076923077
1 0.10817307692307693 0.7151442307692307 0.05889423076923077 0.10576923076923077
1 0.8653846153846154 0.4855769230769231 0.18028846153846154 0.12620192307692307
1 0.5408653846153846 0.6766826923076923 0.12860576923076922 0.2824519230769231
1 0.7632211538461539 0.7524038461538461 0.27524038461538464 0.1622596153846154
1 0.29086538461538464 0.5685096153846154 0.042067307692307696 0.09254807692307693
0 0.5769230769230769 0.37740384615384615 0.5889423076923077 0.7235576923076923
1 0.7067307692307693 0.3858173076923077 0.06610576923076923 0.04807692307692308
1 0.6165865384615384 0.36658653846153844 0.07091346153846154 0.04447115384615385
1 0.41947115384615385 0.35336538461538464 0.04326923076923077 0.042067307692307696