1 0.8197115384615384 0.4543269230769231 0.08413461538461539 0.09615384615384616
1 0.9134615384615384 0.23557692307692307 0.039663461538461536 0.06490384615384616
1 0.8293269230769231 0.24639423076923078 0.042067307692307696 0.055288461538461536
1 0.5865384615384616 0.27283653846153844 0.040865384615384616 0.046875
1 0.5745192307692307 0.5456730769230769 0.040865384615384616 0.06009615384615385
1 0.2704326923076923 0.7127403846153846 0.09014423076923077 0.08653846153846154
1 0.33413461538461536 0.3762019230769231 0.039663461538461536 0.055288461538461536
1 0.4735576923076923 0.20432692307692307 0.027644230769230768 0.055288461538461536
1 0.2692307692307692 0.16947115384615385 0.04567307692307692 0.046875
1 0.3918269230769231 0.13221153846153846 0.04326923076923077 0.0673076923076923
1 0.32091346153846156 0.078125 0.025240384615384616 0.042067307692307696