0 0.5096153846153846 0.484375 0.9747596153846154 0.9399038461538461
1 0.5492788461538461 0.6322115384615384 0.25600961538461536 0.7139423076923077
1 0.9663461538461539 0.921875 0.040865384615384616 0.11899038461538461
1 0.9519230769230769 0.43028846153846156 0.06610576923076923 0.140625
1 0.8533653846153846 0.484375 0.021634615384615384 0.051682692307692304
1 0.9242788461538461 0.6802884615384616 0.020432692307692308 0.03485576923076923
1 0.734375 0.11899038461538461 0.016826923076923076 0.12379807692307693
1 0.38221153846153844 0.18629807692307693 0.03245192307692308 0.30288461538461536
1 0.06129807692307692 0.6670673076923077 0.0829326923076923 0.359375
1 0.3245192307692308 0.6346153846153846 0.06490384615384616 0.11899038461538461
1 0.2980769230769231 0.8497596153846154 0.06009615384615385 0.08173076923076923