0 0.2536057692307692 0.5108173076923077 0.4963942307692308 0.9627403846153846
1 0.5985576923076923 0.45552884615384615 0.06610576923076923 0.07692307692307693
1 0.7908653846153846 0.1814903846153846 0.03485576923076923 0.03365384615384615
1 0.109375 0.15264423076923078 0.15625 0.23557692307692307
1 0.2932692307692308 0.44471153846153844 0.0889423076923077 0.46033653846153844
1 0.27524038461538464 0.7728365384615384 0.027644230769230768 0.09615384615384616
1 0.4723557692307692 0.9194711538461539 0.019230769230769232 0.027644230769230768
1 0.59375 0.96875 0.028846153846153848 0.05889423076923077
1 0.41586538461538464 0.26802884615384615 0.015625 0.027644230769230768
0 0.8125 0.2247596153846154 0.3605769230769231 0.4375
1 0.38100961538461536 0.28966346153846156 0.018028846153846152 0.03365384615384615
1 0.32091346153846156 0.7860576923076923 0.02283653846153846 0.03485576923076923
1 0.4375 0.9423076923076923 0.018028846153846152 0.019230769230769232