1 0.6706730769230769 0.6418269230769231 0.040865384615384616 0.018028846153846152
1 0.47716346153846156 0.6682692307692307 0.021634615384615384 0.020432692307692308
1 0.3545673076923077 0.6009615384615384 0.02403846153846154 0.019230769230769232
1 0.3173076923076923 0.6045673076923077 0.019230769230769232 0.019230769230769232
1 0.40865384615384615 0.5865384615384616 0.056490384615384616 0.03485576923076923
1 0.15625 0.44591346153846156 0.06490384615384616 0.025240384615384616
1 0.8786057692307693 0.5252403846153846 0.042067307692307696 0.037259615384615384
1 0.4579326923076923 0.44711538461538464 0.015625 0.016826923076923076
1 0.24639423076923078 0.46875 0.021634615384615384 0.018028846153846152
1 0.21995192307692307 0.43149038461538464 0.03245192307692308 0.021634615384615384
0 0.8509615384615384 0.4963942307692308 0.14423076923076922 0.11899038461538461
0 0.6670673076923077 0.5793269230769231 0.11298076923076923 0.15144230769230768
0 0.5516826923076923 0.6237980769230769 0.036057692307692304 0.06370192307692307
0 0.47716346153846156 0.640625 0.04326923076923077 0.0829326923076923
0 0.22235576923076922 0.5024038461538461 0.43149038461538464 0.25841346153846156
0 0.41225961538461536 0.421875 0.1045673076923077 0.05889423076923077