1 0.625 0.6682692307692307 0.051682692307692304 0.06370192307692307
1 0.40865384615384615 0.7079326923076923 0.027644230769230768 0.06490384615384616
1 0.3076923076923077 0.75 0.015625 0.03245192307692308
1 0.27524038461538464 0.7475961538461539 0.015625 0.030048076923076924
1 0.484375 0.8161057692307693 0.019230769230769232 0.013221153846153846
1 0.2704326923076923 0.7860576923076923 0.008413461538461538 0.009615384615384616
0 0.46274038461538464 0.6911057692307693 0.47596153846153844 0.28966346153846156
1 0.6875 0.6009615384615384 0.019230769230769232 0.019230769230769232
1 0.5408653846153846 0.7776442307692307 0.036057692307692304 0.03485576923076923
1 0.45552884615384615 0.7043269230769231 0.008413461538461538 0.01201923076923077
1 0.4567307692307692 0.8293269230769231 0.008413461538461538 0.009615384615384616
1 0.5709134615384616 0.7355769230769231 0.026442307692307692 0.04326923076923077
1 0.21153846153846154 0.8197115384615384 0.03245192307692308 0.03365384615384615