1 0.8737980769230769 0.7980769230769231 0.2127403846153846 0.22115384615384615
1 0.7151442307692307 0.6442307692307693 0.07211538461538461 0.051682692307692304
1 0.13341346153846154 0.7668269230769231 0.25600961538461536 0.3293269230769231
1 0.8569711538461539 0.2920673076923077 0.020432692307692308 0.039663461538461536
1 0.7992788461538461 0.2764423076923077 0.037259615384615384 0.04927884615384615
1 0.6766826923076923 0.23076923076923078 0.07572115384615384 0.04927884615384615
1 0.6045673076923077 0.19230769230769232 0.025240384615384616 0.03485576923076923
1 0.42427884615384615 0.31971153846153844 0.030048076923076924 0.04927884615384615
1 0.33533653846153844 0.24639423076923078 0.046875 0.0625
1 0.26802884615384615 0.22596153846153846 0.052884615384615384 0.07451923076923077
1 0.1814903846153846 0.265625 0.07692307692307693 0.09975961538461539
1 0.4579326923076923 0.203125 0.039663461538461536 0.03485576923076923