1 0.921875 0.5204326923076923 0.07451923076923077 0.054086538461538464
1 0.8197115384615384 0.5625 0.10216346153846154 0.06610576923076923
1 0.7139423076923077 0.5901442307692307 0.08774038461538461 0.0733173076923077
1 0.5949519230769231 0.6370192307692307 0.06009615384615385 0.030048076923076924
1 0.5540865384615384 0.6177884615384616 0.02403846153846154 0.046875
1 0.453125 0.6790865384615384 0.06009615384615385 0.04447115384615385
1 0.2848557692307692 0.7175480769230769 0.11177884615384616 0.051682692307692304
1 0.20192307692307693 0.7668269230769231 0.04326923076923077 0.038461538461538464
1 0.08052884615384616 0.7740384615384616 0.06129807692307692 0.038461538461538464
0 0.4987980769230769 0.48677884615384615 0.9879807692307693 0.5961538461538461
1 0.35336538461538464 0.671875 0.016826923076923076 0.014423076923076924