1 0.7992788461538461 0.7740384615384616 0.03245192307692308 0.0625
1 0.734375 0.8161057692307693 0.05048076923076923 0.054086538461538464
1 0.625 0.7560096153846154 0.04326923076923077 0.052884615384615384
1 0.5829326923076923 0.8076923076923077 0.10096153846153846 0.04807692307692308
1 0.609375 0.6911057692307693 0.007211538461538462 0.010817307692307692
1 0.3161057692307692 0.5853365384615384 0.015625 0.014423076923076924
1 0.4567307692307692 0.8497596153846154 0.06009615384615385 0.01201923076923077
1 0.39302884615384615 0.8509615384615384 0.010817307692307692 0.009615384615384616
1 0.35216346153846156 0.8497596153846154 0.05048076923076923 0.01201923076923077
1 0.3137019230769231 0.8605769230769231 0.01201923076923077 0.013221153846153846
1 0.28725961538461536 0.8641826923076923 0.02403846153846154 0.015625
1 0.2620192307692308 0.8629807692307693 0.014423076923076924 0.010817307692307692
1 0.13341346153846154 0.8581730769230769 0.06370192307692307 0.018028846153846152
1 0.21394230769230768 0.8521634615384616 0.013221153846153846 0.009615384615384616
1 0.5024038461538461 0.734375 0.02403846153846154 0.030048076923076924
1 0.3629807692307692 0.7175480769230769 0.02403846153846154 0.02283653846153846
1 0.38461538461538464 0.7463942307692307 0.036057692307692304 0.021634615384615384
1 0.5168269230769231 0.6826923076923077 0.14423076923076922 0.07091346153846154
1 0.36177884615384615 0.6598557692307693 0.11658653846153846 0.12259615384615384
0 0.6213942307692307 0.6682692307692307 0.5961538461538461 0.32091346153846156
0 0.26322115384615385 0.8497596153846154 0.125 0.039663461538461536