1 0.8149038461538461 0.375 0.1045673076923077 0.1875
1 0.7043269230769231 0.43990384615384615 0.0985576923076923 0.16466346153846154
1 0.6442307692307693 0.6742788461538461 0.1141826923076923 0.18990384615384615
1 0.4831730769230769 0.84375 0.06610576923076923 0.09134615384615384
1 0.5396634615384616 0.578125 0.026442307692307692 0.04807692307692308
1 0.5829326923076923 0.25600961538461536 0.08774038461538461 0.28365384615384615
1 0.6165865384615384 0.036057692307692304 0.051682692307692304 0.06490384615384616
1 0.3798076923076923 0.6081730769230769 0.037259615384615384 0.0733173076923077
1 0.29086538461538464 0.5396634615384616 0.10817307692307693 0.23317307692307693
1 0.06971153846153846 0.5204326923076923 0.11778846153846154 0.13581730769230768
1 0.24278846153846154 0.7475961538461539 0.06850961538461539 0.125
0 0.35697115384615385 0.4050480769230769 0.22596153846153846 0.3605769230769231