1 0.7572115384615384 0.6742788461538461 0.11778846153846154 0.12259615384615384
1 0.5612980769230769 0.3233173076923077 0.09014423076923077 0.10817307692307693
1 0.5144230769230769 0.42788461538461536 0.0625 0.09375
1 0.27524038461538464 0.3545673076923077 0.06370192307692307 0.06850961538461539
1 0.3762019230769231 0.6201923076923077 0.07211538461538461 0.06009615384615385
1 0.6358173076923077 0.6670673076923077 0.025240384615384616 0.039663461538461536
1 0.4495192307692308 0.49038461538461536 0.038461538461538464 0.054086538461538464
1 0.4855769230769231 0.2764423076923077 0.038461538461538464 0.09975961538461539
1 0.3581730769230769 0.34134615384615385 0.020432692307692308 0.04567307692307692
1 0.5012019230769231 0.17067307692307693 0.021634615384615384 0.03365384615384615
1 0.4651442307692308 0.7259615384615384 0.021634615384615384 0.037259615384615384
0 0.7067307692307693 0.6117788461538461 0.1466346153846154 0.13942307692307693
0 0.39663461538461536 0.3329326923076923 0.08413461538461539 0.15865384615384615
0 0.39663461538461536 0.5637019230769231 0.18629807692307693 0.27524038461538464