1 0.9483173076923077 0.5192307692307693 0.04927884615384615 0.03485576923076923
1 0.7824519230769231 0.5528846153846154 0.21995192307692307 0.12379807692307693
1 0.59375 0.6310096153846154 0.030048076923076924 0.028846153846153848
1 0.5612980769230769 0.6105769230769231 0.030048076923076924 0.052884615384615384
1 0.4579326923076923 0.6766826923076923 0.07091346153846154 0.05889423076923077
1 0.3557692307692308 0.6694711538461539 0.01201923076923077 0.019230769230769232
1 0.34375 0.7055288461538461 0 0
1 0.2824519230769231 0.7271634615384616 0.12379807692307693 0.04326923076923077
1 0.19951923076923078 0.7680288461538461 0.038461538461538464 0.030048076923076924
1 0.06490384615384616 0.7704326923076923 0.08774038461538461 0.04807692307692308
0 0.49158653846153844 0.4170673076923077 0.9651442307692307 0.7223557692307693