1 0.9134615384615384 0.5372596153846154 0.039663461538461536 0.026442307692307692
1 0.8088942307692307 0.5805288461538461 0.11057692307692307 0.052884615384615384
1 0.6923076923076923 0.6009615384615384 0.09014423076923077 0.051682692307692304
1 0.5877403846153846 0.6274038461538461 0.042067307692307696 0.054086538461538464
1 0.42427884615384615 0.6983173076923077 0.12860576923076922 0.06610576923076923
1 0.26802884615384615 0.7223557692307693 0.09254807692307693 0.04326923076923077
1 0.21634615384615385 0.7692307692307693 0.018028846153846152 0.028846153846153848
1 0.09495192307692307 0.7620192307692307 0.052884615384615384 0.0733173076923077
0 0.45072115384615385 0.5168269230769231 0.8870192307692307 0.5192307692307693
1 0.5480769230769231 0.6274038461538461 0.021634615384615384 0.051682692307692304
1 0.3545673076923077 0.6802884615384616 0.015625 0.018028846153846152