1 0.9110576923076923 0.5432692307692307 0.04326923076923077 0.021634615384615384
1 0.8064903846153846 0.578125 0.09375 0.052884615384615384
1 0.6947115384615384 0.5396634615384616 0.08173076923076923 0.17067307692307693
1 0.5961538461538461 0.6418269230769231 0.04807692307692308 0.026442307692307692
1 0.4098557692307692 0.7007211538461539 0.1466346153846154 0.0733173076923077
1 0.27163461538461536 0.7283653846153846 0.08413461538461539 0.037259615384615384
1 0.21514423076923078 0.765625 0.026442307692307692 0.028846153846153848
1 0.08774038461538461 0.7692307692307693 0.06009615384615385 0.06370192307692307
1 0.15144230769230768 0.7824519230769231 0.018028846153846152 0.025240384615384616
1 0.5492788461538461 0.6262019230769231 0.02403846153846154 0.042067307692307696
0 0.46033653846153844 0.5180288461538461 0.9086538461538461 0.5192307692307693