0 0.46153846153846156 0.6887019230769231 0.46634615384615385 0.2848557692307692
1 0.4795673076923077 0.8233173076923077 0.026442307692307692 0.016826923076923076
1 0.5721153846153846 0.7355769230769231 0.02283653846153846 0.03125
1 0.5288461538461539 0.7115384615384616 0.018028846153846152 0.030048076923076924
1 0.4495192307692308 0.734375 0.007211538461538462 0.015625
1 0.36538461538461536 0.7055288461538461 0.038461538461538464 0.051682692307692304
1 0.39783653846153844 0.7247596153846154 0.015625 0.014423076923076924
1 0.4014423076923077 0.6899038461538461 0.01201923076923077 0.015625
1 0.6706730769230769 0.6490384615384616 0.018028846153846152 0.020432692307692308
1 0.1971153846153846 0.8137019230769231 0.016826923076923076 0.021634615384615384
1 0.6189903846153846 0.6911057692307693 0.013221153846153846 0.014423076923076924
1 0.5216346153846154 0.7992788461538461 0.019230769230769232 0.018028846153846152
1 0.6850961538461539 0.5985576923076923 0.009615384615384616 0.014423076923076924