1 0.7572115384615384 0.6358173076923077 0.03245192307692308 0.04447115384615385
1 0.6971153846153846 0.6310096153846154 0.03245192307692308 0.04567307692307692
1 0.44471153846153844 0.23076923076923078 0.056490384615384616 0.052884615384615384
1 0.36538461538461536 0.051682692307692304 0.03485576923076923 0.0985576923076923
1 0.9423076923076923 0.5745192307692307 0.014423076923076924 0.026442307692307692
1 0.6622596153846154 0.5600961538461539 0.037259615384615384 0.12259615384615384
1 0.6213942307692307 0.4723557692307692 0.027644230769230768 0.06610576923076923
1 0.5877403846153846 0.36778846153846156 0.042067307692307696 0.11538461538461539
1 0.5216346153846154 0.3112980769230769 0.09495192307692307 0.06971153846153846
0 0.7944711538461539 0.3786057692307692 0.3918269230769231 0.4831730769230769
0 0.5360576923076923 0.12259615384615384 0.2932692307692308 0.23197115384615385