1 0.6983173076923077 0.6394230769230769 0.020432692307692308 0.02403846153846154
1 0.6189903846153846 0.5901442307692307 0.03245192307692308 0.030048076923076924
1 0.5600961538461539 0.3016826923076923 0.039663461538461536 0.038461538461538464
1 0.47836538461538464 0.5600961538461539 0.03245192307692308 0.028846153846153848
1 0.43028846153846156 0.5120192307692307 0.037259615384615384 0.06129807692307692
1 0.37259615384615385 0.46634615384615385 0.027644230769230768 0.038461538461538464
1 0.3737980769230769 0.36899038461538464 0.030048076923076924 0.036057692307692304
1 0.3473557692307692 0.41346153846153844 0.037259615384615384 0.04326923076923077
1 0.31490384615384615 0.3629807692307692 0.03365384615384615 0.0625
0 0.6947115384615384 0.5661057692307693 0.14423076923076922 0.125
0 0.4651442307692308 0.4795673076923077 0.1346153846153846 0.14543269230769232