1 0.6213942307692307 0.4026442307692308 0.09495192307692307 0.17908653846153846
1 0.5360576923076923 0.49158653846153844 0.037259615384615384 0.05048076923076923
1 0.41947115384615385 0.5384615384615384 0.09495192307692307 0.06490384615384616
1 0.3293269230769231 0.5625 0.010817307692307692 0.020432692307692308
1 0.18389423076923078 0.5192307692307693 0.03365384615384615 0.06850961538461539
1 0.8353365384615384 0.038461538461538464 0.027644230769230768 0.039663461538461536
1 0.7307692307692307 0.11778846153846154 0.1466346153846154 0.10576923076923077
1 0.6502403846153846 0.21634615384615385 0.04326923076923077 0.05889423076923077
0 0.6694711538461539 0.2932692307692308 0.6454326923076923 0.5600961538461539
1 0.5985576923076923 0.1346153846153846 0.016826923076923076 0.039663461538461536
1 0.5745192307692307 0.11298076923076923 0.014423076923076924 0.019230769230769232