1 0.7439903846153846 0.48677884615384615 0.0829326923076923 0.06370192307692307
1 0.4411057692307692 0.6105769230769231 0.051682692307692304 0.06971153846153846
1 0.5564903846153846 0.5817307692307693 0.05048076923076923 0.026442307692307692
1 0.6322115384615384 0.5444711538461539 0.019230769230769232 0.020432692307692308
1 0.6826923076923077 0.5228365384615384 0.019230769230769232 0.02403846153846154
1 0.7127403846153846 0.40024038461538464 0.009615384615384616 0.021634615384615384
1 0.6887019230769231 0.39903846153846156 0.016826923076923076 0.03245192307692308
1 0.6334134615384616 0.3918269230769231 0.028846153846153848 0.025240384615384616
1 0.5576923076923077 0.4074519230769231 0.09134615384615384 0.051682692307692304
1 0.49158653846153844 0.40865384615384615 0.019230769230769232 0.016826923076923076
1 0.17427884615384615 0.6658653846153846 0.019230769230769232 0.027644230769230768
1 0.09975961538461539 0.6129807692307693 0.026442307692307692 0.027644230769230768
1 0.3076923076923077 0.6899038461538461 0.16947115384615385 0.13942307692307693
0 0.5721153846153846 0.33052884615384615 0.6466346153846154 0.6454326923076923
1 0.22355769230769232 0.5612980769230769 0.008413461538461538 0.014423076923076924