1 0.8966346153846154 0.6875 0.046875 0.04927884615384615
1 0.8149038461538461 0.7055288461538461 0.05889423076923077 0.055288461538461536
1 0.42908653846153844 0.6899038461538461 0.06129807692307692 0.038461538461538464
1 0.7451923076923077 0.4098557692307692 0.051682692307692304 0.06370192307692307
1 0.7271634615384616 0.27524038461538464 0.028846153846153848 0.12860576923076922
1 0.6442307692307693 0.40865384615384615 0.028846153846153848 0.057692307692307696
1 0.4338942307692308 0.2704326923076923 0.4483173076923077 0.44711538461538464
1 0.18509615384615385 0.5240384615384616 0.11057692307692307 0.34134615384615385
1 0.25841346153846156 0.7259615384615384 0.20192307692307693 0.09615384615384616
0 0.15504807692307693 0.6778846153846154 0.10697115384615384 0.11298076923076923
0 0.8677884615384616 0.6237980769230769 0.07572115384615384 0.08173076923076923
0 0.7932692307692307 0.13701923076923078 0.16346153846153846 0.23918269230769232
0 0.38221153846153844 0.1778846153846154 0.5396634615384616 0.3401442307692308
0 0.0733173076923077 0.2091346153846154 0.10576923076923077 0.39302884615384615