1 0.9242788461538461 0.5240384615384616 0.06971153846153846 0.054086538461538464
1 0.8197115384615384 0.5685096153846154 0.109375 0.06370192307692307
1 0.7007211538461539 0.5588942307692307 0.1141826923076923 0.125
1 0.5552884615384616 0.6153846153846154 0.028846153846153848 0.051682692307692304
1 0.5913461538461539 0.6394230769230769 0.055288461538461536 0.03365384615384615
1 0.453125 0.6742788461538461 0.06490384615384616 0.0625
1 0.29927884615384615 0.7247596153846154 0.13942307692307693 0.051682692307692304
1 0.20192307692307693 0.7716346153846154 0.042067307692307696 0.028846153846153848
1 0.07692307692307693 0.7512019230769231 0.0733173076923077 0.09014423076923077
1 0.3557692307692308 0.6754807692307693 0.016826923076923076 0.018028846153846152
0 0.5024038461538461 0.5108173076923077 0.9867788461538461 0.6069711538461539