1 0.7560096153846154 0.8425480769230769 0.02403846153846154 0.014423076923076924
1 0.7151442307692307 0.8329326923076923 0.018028846153846152 0.014423076923076924
1 0.6286057692307693 0.8040865384615384 0.009615384615384616 0.015625
1 0.6117788461538461 0.7824519230769231 0.02403846153846154 0.026442307692307692
1 0.5612980769230769 0.7884615384615384 0.0733173076923077 0.051682692307692304
1 0.5877403846153846 0.7439903846153846 0.025240384615384616 0.03125
1 0.46875 0.6911057692307693 0.01201923076923077 0.026442307692307692
1 0.39903846153846156 0.7403846153846154 0.026442307692307692 0.06490384615384616
1 0.36538461538461536 0.7079326923076923 0.036057692307692304 0.030048076923076924
1 0.2776442307692308 0.7175480769230769 0.021634615384615384 0.030048076923076924
1 0.140625 0.8617788461538461 0.03365384615384615 0.013221153846153846
1 0.10576923076923077 0.8641826923076923 0.021634615384615384 0.009615384615384616
1 0.5252403846153846 0.6935096153846154 0.10336538461538461 0.10697115384615384
1 0.3329326923076923 0.7596153846153846 0.007211538461538462 0.014423076923076924
1 0.26322115384615385 0.8665865384615384 0.008413461538461538 0.01201923076923077
0 0.625 0.5096153846153846 0.5961538461538461 0.7151442307692307
0 0.15264423076923078 0.8449519230769231 0.04927884615384615 0.03125
0 0.28125 0.8509615384615384 0.09615384615384616 0.036057692307692304
0 0.21153846153846154 0.8473557692307693 0.02403846153846154 0.018028846153846152
1 0.6995192307692307 0.8173076923076923 0.009615384615384616 0.014423076923076924