1 0.8846153846153846 0.5612980769230769 0.036057692307692304 0.05048076923076923
1 0.671875 0.6237980769230769 0.09615384615384616 0.04567307692307692
1 0.5637019230769231 0.6454326923076923 0.09014423076923077 0.040865384615384616
1 0.39663461538461536 0.6586538461538461 0.028846153846153848 0.036057692307692304
1 0.33653846153846156 0.6766826923076923 0.028846153846153848 0.016826923076923076
1 0.21754807692307693 0.6826923076923077 0.014423076923076924 0.016826923076923076
1 0.1622596153846154 0.6971153846153846 0.04567307692307692 0.038461538461538464
1 0.10336538461538461 0.71875 0.03125 0.015625
1 0.06850961538461539 0.71875 0.01201923076923077 0.015625
1 0.021634615384615384 0.7259615384615384 0.038461538461538464 0.019230769230769232
1 0.4723557692307692 0.6574519230769231 0.014423076923076924 0.013221153846153846
1 0.4338942307692308 0.6670673076923077 0.02403846153846154 0.01201923076923077
1 0.296875 0.6766826923076923 0.014423076923076924 0.013221153846153846
1 0.2704326923076923 0.6862980769230769 0.014423076923076924 0.013221153846153846
0 0.4987980769230769 0.3605769230769231 0.9891826923076923 0.7055288461538461