1 0.3737980769230769 0.6322115384615384 0.19831730769230768 0.10216346153846154
1 0.24519230769230768 0.6057692307692307 0.046875 0.054086538461538464
1 0.18990384615384615 0.5276442307692307 0.04927884615384615 0.06850961538461539
1 0.20552884615384615 0.4074519230769231 0.028846153846153848 0.04807692307692308
1 0.9735576923076923 0.4519230769230769 0.04807692307692308 0.037259615384615384
1 0.7644230769230769 0.33413461538461536 0.054086538461538464 0.039663461538461536
1 0.6706730769230769 0.5817307692307693 0.30408653846153844 0.08774038461538461
1 0.6610576923076923 0.24639423076923078 0.013221153846153846 0.027644230769230768
1 0.9002403846153846 0.5072115384615384 0.014423076923076924 0.03125
0 0.5817307692307693 0.5 0.8305288461538461 0.9795673076923077
1 0.5132211538461539 0.1310096153846154 0.01201923076923077 0.025240384615384616
1 0.5913461538461539 0.4483173076923077 0.015625 0.04567307692307692