1 0.5649038461538461 0.33774038461538464 0.04807692307692308 0.07091346153846154
1 0.48677884615384615 0.7932692307692307 0.018028846153846152 0.09495192307692307
1 0.4831730769230769 0.8942307692307693 0.013221153846153846 0.06610576923076923
1 0.4675480769230769 0.9675480769230769 0.021634615384615384 0.06009615384615385
1 0.5168269230769231 0.328125 0.015625 0.019230769230769232
1 0.4519230769230769 0.0829326923076923 0.019230769230769232 0.03245192307692308
1 0.49278846153846156 0.25600961538461536 0.056490384615384616 0.056490384615384616
1 0.41346153846153844 0.203125 0.07451923076923077 0.06370192307692307
1 0.2403846153846154 0.1971153846153846 0.12139423076923077 0.09014423076923077
1 0.34375 0.18870192307692307 0.027644230769230768 0.037259615384615384
0 0.3954326923076923 0.5036057692307693 0.5144230769230769 0.9831730769230769
1 0.5216346153846154 0.5697115384615384 0.08774038461538461 0.30288461538461536