1 0.6213942307692307 0.2956730769230769 0.05889423076923077 0.09134615384615384
1 0.4855769230769231 0.47716346153846156 0.1141826923076923 0.15865384615384615
1 0.8473557692307693 0.8365384615384616 0.15144230769230768 0.24158653846153846
1 0.6947115384615384 0.8653846153846154 0.03125 0.054086538461538464
1 0.296875 0.7872596153846154 0.09735576923076923 0.09615384615384616
1 0.1466346153846154 0.36658653846153844 0.07451923076923077 0.08533653846153846
1 0.2800480769230769 0.328125 0.03245192307692308 0.06490384615384616
1 0.39663461538461536 0.6177884615384616 0.04326923076923077 0.1502403846153846
1 0.5300480769230769 0.8701923076923077 0.025240384615384616 0.042067307692307696
1 0.42788461538461536 0.9483173076923077 0.03245192307692308 0.039663461538461536
1 0.45072115384615385 0.2980769230769231 0.04807692307692308 0.04567307692307692
1 0.49278846153846156 0.09615384615384616 0.02403846153846154 0.028846153846153848
0 0.3293269230769231 0.41466346153846156 0.5985576923076923 0.7271634615384616