1 0.7019230769230769 0.4699519230769231 0.08774038461538461 0.04326923076923077
1 0.625 0.4375 0.038461538461538464 0.037259615384615384
1 0.5288461538461539 0.39663461538461536 0.0733173076923077 0.0673076923076923
1 0.49759615384615385 0.5336538461538461 0.037259615384615384 0.05048076923076923
1 0.4795673076923077 0.609375 0.028846153846153848 0.030048076923076924
1 0.3473557692307692 0.5192307692307693 0.14182692307692307 0.13581730769230768
1 0.9747596153846154 0.4699519230769231 0.013221153846153846 0.026442307692307692
1 0.9230769230769231 0.45072115384615385 0.04807692307692308 0.04567307692307692
1 0.9723557692307693 0.6201923076923077 0.016826923076923076 0.026442307692307692
0 0.9362980769230769 0.5600961538461539 0.11057692307692307 0.12860576923076922
0 0.5036057692307693 0.3112980769230769 0.9675480769230769 0.5829326923076923
1 0.46875 0.44591346153846156 0.016826923076923076 0.026442307692307692