1 0.3786057692307692 0.4026442307692308 0.09495192307692307 0.17908653846153846
1 0.4639423076923077 0.49158653846153844 0.037259615384615384 0.05048076923076923
1 0.5805288461538461 0.5384615384615384 0.09495192307692307 0.06490384615384616
1 0.6706730769230769 0.5625 0.010817307692307692 0.020432692307692308
1 0.8161057692307693 0.5192307692307693 0.03365384615384615 0.06850961538461539
1 0.16466346153846154 0.038461538461538464 0.027644230769230768 0.039663461538461536
1 0.2692307692307692 0.11778846153846154 0.1466346153846154 0.10576923076923077
1 0.34975961538461536 0.21634615384615385 0.04326923076923077 0.05889423076923077
0 0.33052884615384615 0.2932692307692308 0.6454326923076923 0.5600961538461539
1 0.4014423076923077 0.1346153846153846 0.016826923076923076 0.039663461538461536
1 0.4254807692307692 0.11298076923076923 0.014423076923076924 0.019230769230769232