1 0.028846153846153848 0.7019230769230769 0.040865384615384616 0.039663461538461536
1 0.4170673076923077 0.7223557692307693 0.03125 0.04927884615384615
1 0.37259615384615385 0.7007211538461539 0.016826923076923076 0.02283653846153846
1 0.49399038461538464 0.7872596153846154 0.019230769230769232 0.026442307692307692
1 0.6478365384615384 0.7415865384615384 0.02283653846153846 0.040865384615384616
1 0.7704326923076923 0.7319711538461539 0.02403846153846154 0.028846153846153848
1 0.7103365384615384 0.7283653846153846 0.009615384615384616 0.018028846153846152
1 0.7487980769230769 0.7163461538461539 0.013221153846153846 0.025240384615384616
1 0.43149038461538464 0.7992788461538461 0.020432692307692308 0.018028846153846152
1 0.6225961538461539 0.7608173076923077 0.021634615384615384 0.015625
1 0.6033653846153846 0.7704326923076923 0.02283653846153846 0.025240384615384616
0 0.4951923076923077 0.38341346153846156 0.9903846153846154 0.6790865384615384