1 0.3293269230769231 0.6418269230769231 0.040865384615384616 0.018028846153846152
1 0.5228365384615384 0.6682692307692307 0.021634615384615384 0.020432692307692308
1 0.6454326923076923 0.6009615384615384 0.02403846153846154 0.019230769230769232
1 0.6826923076923077 0.6045673076923077 0.019230769230769232 0.019230769230769232
1 0.5913461538461539 0.5865384615384616 0.056490384615384616 0.03485576923076923
1 0.84375 0.44591346153846156 0.06490384615384616 0.025240384615384616
1 0.12139423076923077 0.5252403846153846 0.042067307692307696 0.037259615384615384
1 0.5420673076923077 0.44711538461538464 0.015625 0.016826923076923076
1 0.7536057692307693 0.46875 0.021634615384615384 0.018028846153846152
1 0.7800480769230769 0.43149038461538464 0.03245192307692308 0.021634615384615384
0 0.14903846153846154 0.4963942307692308 0.14423076923076922 0.11899038461538461
0 0.3329326923076923 0.5793269230769231 0.11298076923076923 0.15144230769230768
0 0.4483173076923077 0.6237980769230769 0.036057692307692304 0.06370192307692307
0 0.5228365384615384 0.640625 0.04326923076923077 0.0829326923076923
0 0.7776442307692307 0.5024038461538461 0.43149038461538464 0.25841346153846156
0 0.5877403846153846 0.421875 0.1045673076923077 0.05889423076923077