1 0.052884615384615384 0.515625 0.056490384615384616 0.04447115384615385
1 0.16826923076923078 0.5649038461538461 0.11899038461538461 0.06370192307692307
1 0.2824519230769231 0.5925480769230769 0.08653846153846154 0.042067307692307696
1 0.40384615384615385 0.6346153846153846 0.02283653846153846 0.021634615384615384
1 0.4423076923076923 0.6165865384615384 0.02403846153846154 0.05048076923076923
1 0.546875 0.6802884615384616 0.06850961538461539 0.038461538461538464
1 0.6454326923076923 0.6670673076923077 0.019230769230769232 0.025240384615384616
1 0.7139423076923077 0.7295673076923077 0.11778846153846154 0.040865384615384616
1 0.8016826923076923 0.7704326923076923 0.04567307692307692 0.036057692307692304
1 0.9278846153846154 0.7716346153846154 0.0625 0.046875
0 0.5012019230769231 0.45552884615384615 0.9903846153846154 0.7079326923076923