1 0.08653846153846154 0.5372596153846154 0.039663461538461536 0.026442307692307692
1 0.19110576923076922 0.5805288461538461 0.11057692307692307 0.052884615384615384
1 0.3076923076923077 0.6009615384615384 0.09014423076923077 0.051682692307692304
1 0.41225961538461536 0.6274038461538461 0.042067307692307696 0.054086538461538464
1 0.5757211538461539 0.6983173076923077 0.12860576923076922 0.06610576923076923
1 0.7319711538461539 0.7223557692307693 0.09254807692307693 0.04326923076923077
1 0.7836538461538461 0.7692307692307693 0.018028846153846152 0.028846153846153848
1 0.9050480769230769 0.7620192307692307 0.052884615384615384 0.0733173076923077
0 0.5492788461538461 0.5168269230769231 0.8870192307692307 0.5192307692307693
1 0.4519230769230769 0.6274038461538461 0.021634615384615384 0.051682692307692304
1 0.6454326923076923 0.6802884615384616 0.015625 0.018028846153846152