0 0.4074519230769231 0.5168269230769231 0.7848557692307693 0.9579326923076923
1 0.001201923076923077 0.001201923076923077 0 0
1 0.6490384615384616 0.6826923076923077 0.11057692307692307 0.0733173076923077
1 0.7307692307692307 0.6935096153846154 0.013221153846153846 0.03365384615384615
1 0.78125 0.7175480769230769 0.04927884615384615 0.055288461538461536
1 0.8461538461538461 0.7223557692307693 0.018028846153846152 0.05048076923076923
1 0.8918269230769231 0.7223557692307693 0.04927884615384615 0.037259615384615384
1 0.3485576923076923 0.5661057692307693 0.02283653846153846 0.030048076923076924
1 0.37740384615384615 0.6021634615384616 0.030048076923076924 0.03245192307692308
1 0.4074519230769231 0.609375 0.021634615384615384 0.018028846153846152
1 0.3112980769230769 0.5588942307692307 0.027644230769230768 0.027644230769230768
1 0.25 0.5096153846153846 0.01201923076923077 0.020432692307692308