1 0.21153846153846154 0.5925480769230769 0.014423076923076924 0.01201923076923077
1 0.22716346153846154 0.6033653846153846 0.015625 0.01201923076923077
1 0.25240384615384615 0.6165865384615384 0.01201923076923077 0.014423076923076924
1 0.40865384615384615 0.6213942307692307 0.03245192307692308 0.028846153846153848
1 0.7463942307692307 0.625 0.014423076923076924 0.013221153846153846
0 0.22355769230769232 0.5925480769230769 0.13822115384615385 0.0733173076923077
0 0.37740384615384615 0.6021634615384616 0.11057692307692307 0.0625
0 0.5997596153846154 0.5685096153846154 0.09975961538461539 0.056490384615384616
0 0.7524038461538461 0.6201923076923077 0.038461538461538464 0.026442307692307692
0 0.8185096153846154 0.6237980769230769 0.036057692307692304 0.04326923076923077
0 0.8701923076923077 0.6189903846153846 0.15745192307692307 0.09134615384615384