1 0.40024038461538464 0.4723557692307692 0.4170673076923077 0.03125
1 0.5336538461538461 0.5360576923076923 0.027644230769230768 0.025240384615384616
1 0.7572115384615384 0.5276442307692307 0.2403846153846154 0.038461538461538464
1 0.8028846153846154 0.5649038461538461 0.02283653846153846 0.026442307692307692
1 0.7391826923076923 0.4891826923076923 0.037259615384615384 0.014423076923076924
1 0.02283653846153846 0.5805288461538461 0.037259615384615384 0.020432692307692308
1 0.08774038461538461 0.5576923076923077 0.008413461538461538 0.020432692307692308
1 0.09254807692307693 0.47836538461538464 0.05889423076923077 0.07451923076923077
1 0.1778846153846154 0.5108173076923077 0.08052884615384616 0.027644230769230768
1 0.15504807692307693 0.5432692307692307 0.038461538461538464 0.015625
1 0.12259615384615384 0.5516826923076923 0.010817307692307692 0.015625
0 0.3629807692307692 0.4362980769230769 0.2403846153846154 0.07211538461538461
0 0.9134615384615384 0.31009615384615385 0.03365384615384615 0.03365384615384615