1 0.07932692307692307 0.5384615384615384 0.040865384615384616 0.019230769230769232
1 0.23918269230769232 0.5877403846153846 0.17307692307692307 0.07451923076923077
1 0.41225961538461536 0.6418269230769231 0.055288461538461536 0.028846153846153848
1 0.4519230769230769 0.6237980769230769 0.02403846153846154 0.04326923076923077
1 0.546875 0.6826923076923077 0.06009615384615385 0.037259615384615384
1 0.7043269230769231 0.7283653846153846 0.10817307692307693 0.04567307692307692
1 0.7908653846153846 0.7668269230769231 0.03485576923076923 0.028846153846153848
1 0.9158653846153846 0.7596153846153846 0.05889423076923077 0.0889423076923077
1 0.8509615384615384 0.7800480769230769 0.014423076923076924 0.02403846153846154
1 0.6442307692307693 0.6778846153846154 0.014423076923076924 0.019230769230769232
0 0.5204326923076923 0.5504807692307693 0.9507211538461539 0.5240384615384616