1 0.18629807692307693 0.6935096153846154 0.34975961538461536 0.30288461538461536
1 0.8052884615384616 0.6862980769230769 0.1310096153846154 0.19110576923076922
1 0.39783653846153844 0.5372596153846154 0.2692307692307692 0.0625
1 0.7620192307692307 0.40625 0.2932692307692308 0.036057692307692304
1 0.5733173076923077 0.5733173076923077 0.040865384615384616 0.06850961538461539
1 0.6225961538461539 0.6766826923076923 0.018028846153846152 0.04447115384615385
1 0.015625 0.4110576923076923 0.025240384615384616 0.02403846153846154
1 0.234375 0.40625 0.028846153846153848 0.016826923076923076
1 0.9735576923076923 0.41947115384615385 0.04807692307692308 0.01201923076923077
1 0.25721153846153844 0.4375 0.03485576923076923 0.015625
1 0.27163461538461536 0.46033653846153844 0.0625 0.028846153846153848
1 0.3557692307692308 0.4519230769230769 0.040865384615384616 0.019230769230769232
1 0.36538461538461536 0.49158653846153844 0.028846153846153848 0.02403846153846154
1 0.4266826923076923 0.4987980769230769 0.04447115384615385 0.02403846153846154
1 0.22235576923076922 0.49038461538461536 0.018028846153846152 0.025240384615384616
1 0.6165865384615384 0.7908653846153846 0.07692307692307693 0.11658653846153846
0 0.19951923076923078 0.30408653846153844 0.3581730769230769 0.2668269230769231
0 0.75 0.296875 0.4519230769230769 0.19471153846153846