1 0.06971153846153846 0.5300480769230769 0.046875 0.04326923076923077
1 0.18028846153846154 0.5697115384615384 0.10817307692307693 0.06129807692307692
1 0.2848557692307692 0.5841346153846154 0.07211538461538461 0.0733173076923077
1 0.44471153846153844 0.6165865384615384 0.030048076923076924 0.055288461538461536
1 0.41586538461538464 0.6430288461538461 0.03365384615384615 0.019230769230769232
1 0.5456730769230769 0.6802884615384616 0.056490384615384616 0.046875
1 0.6923076923076923 0.7307692307692307 0.08052884615384616 0.038461538461538464
1 0.7956730769230769 0.7668269230769231 0.04807692307692308 0.03485576923076923
1 0.9278846153846154 0.7487980769230769 0.07451923076923077 0.0985576923076923
1 0.8533653846153846 0.7752403846153846 0.019230769230769232 0.036057692307692304
1 0.6442307692307693 0.6754807692307693 0.018028846153846152 0.019230769230769232
0 0.5012019230769231 0.5228365384615384 0.9879807692307693 0.5564903846153846