1 0.43509615384615385 0.33774038461538464 0.04807692307692308 0.07091346153846154
1 0.5132211538461539 0.7932692307692307 0.018028846153846152 0.09495192307692307
1 0.5168269230769231 0.8942307692307693 0.013221153846153846 0.06610576923076923
1 0.5324519230769231 0.9675480769230769 0.021634615384615384 0.06009615384615385
1 0.4831730769230769 0.328125 0.015625 0.019230769230769232
1 0.5480769230769231 0.0829326923076923 0.019230769230769232 0.03245192307692308
1 0.5072115384615384 0.25600961538461536 0.056490384615384616 0.056490384615384616
1 0.5865384615384616 0.203125 0.07451923076923077 0.06370192307692307
1 0.7596153846153846 0.1971153846153846 0.12139423076923077 0.09014423076923077
1 0.65625 0.18870192307692307 0.027644230769230768 0.037259615384615384
0 0.6045673076923077 0.5036057692307693 0.5144230769230769 0.9831730769230769
1 0.47836538461538464 0.5697115384615384 0.08774038461538461 0.30288461538461536