1 0.08653846153846154 0.5384615384615384 0.046875 0.025240384615384616
1 0.18269230769230768 0.5757211538461539 0.0985576923076923 0.04807692307692308
1 0.30528846153846156 0.5685096153846154 0.08533653846153846 0.12139423076923077
1 0.4206730769230769 0.6454326923076923 0.04326923076923077 0.03245192307692308
1 0.45072115384615385 0.6213942307692307 0.02403846153846154 0.051682692307692304
1 0.5637019230769231 0.6899038461538461 0.09735576923076923 0.051682692307692304
1 0.6923076923076923 0.7043269230769231 0.13942307692307693 0.078125
1 0.7944711538461539 0.7752403846153846 0.036057692307692304 0.02403846153846154
1 0.8497596153846154 0.7800480769230769 0.018028846153846152 0.028846153846153848
1 0.9134615384615384 0.7572115384615384 0.06129807692307692 0.0829326923076923
0 0.5 0.5144230769230769 0.9903846153846154 0.5552884615384616