1 0.6502403846153846 0.6153846153846154 0.22956730769230768 0.22716346153846154
1 0.8786057692307693 0.828125 0.04326923076923077 0.06490384615384616
1 0.6310096153846154 0.8401442307692307 0.052884615384615384 0.04927884615384615
1 0 0.002403846153846154 0 0
1 0.43028846153846156 0.8305288461538461 0.12740384615384615 0.109375
1 0.33774038461538464 0.7620192307692307 0.17067307692307693 0.08052884615384616
1 0.3701923076923077 0.6887019230769231 0.11057692307692307 0.057692307692307696
1 0.20072115384615385 0.7067307692307693 0.051682692307692304 0.036057692307692304
1 0.14423076923076922 0.5180288461538461 0.14302884615384615 0.04447115384615385
1 0.17908653846153846 0.6382211538461539 0.08653846153846154 0.039663461538461536
1 0.3894230769230769 0.4699519230769231 0.2668269230769231 0.12620192307692307
1 0.4411057692307692 0.5492788461538461 0.18870192307692307 0.03125
1 0.5757211538461539 0.42427884615384615 0.0625 0.052884615384615384
1 0.20552884615384615 0.36899038461538464 0.10336538461538461 0.24879807692307693
1 0.1310096153846154 0.17668269230769232 0.036057692307692304 0.08173076923076923
0 0.5444711538461539 0.3016826923076923 0.8990384615384616 0.578125