1 0.18509615384615385 0.375 0.1045673076923077 0.1875
1 0.2956730769230769 0.43990384615384615 0.0985576923076923 0.16466346153846154
1 0.3557692307692308 0.6742788461538461 0.1141826923076923 0.18990384615384615
1 0.5168269230769231 0.84375 0.06610576923076923 0.09134615384615384
1 0.46033653846153844 0.578125 0.026442307692307692 0.04807692307692308
1 0.4170673076923077 0.25600961538461536 0.08774038461538461 0.28365384615384615
1 0.38341346153846156 0.036057692307692304 0.051682692307692304 0.06490384615384616
1 0.6201923076923077 0.6081730769230769 0.037259615384615384 0.0733173076923077
1 0.7091346153846154 0.5396634615384616 0.10817307692307693 0.23317307692307693
1 0.9302884615384616 0.5204326923076923 0.11778846153846154 0.13581730769230768
1 0.7572115384615384 0.7475961538461539 0.06850961538461539 0.125
0 0.6430288461538461 0.4050480769230769 0.22596153846153846 0.3605769230769231