1 0.24278846153846154 0.6742788461538461 0.11778846153846154 0.12259615384615384
1 0.4387019230769231 0.3233173076923077 0.09014423076923077 0.10817307692307693
1 0.4855769230769231 0.42788461538461536 0.0625 0.09375
1 0.7247596153846154 0.3545673076923077 0.06370192307692307 0.06850961538461539
1 0.6237980769230769 0.6201923076923077 0.07211538461538461 0.06009615384615385
1 0.3641826923076923 0.6670673076923077 0.025240384615384616 0.039663461538461536
1 0.5504807692307693 0.49038461538461536 0.038461538461538464 0.054086538461538464
1 0.5144230769230769 0.2764423076923077 0.038461538461538464 0.09975961538461539
1 0.6418269230769231 0.34134615384615385 0.020432692307692308 0.04567307692307692
1 0.4987980769230769 0.17067307692307693 0.021634615384615384 0.03365384615384615
1 0.5348557692307693 0.7259615384615384 0.021634615384615384 0.037259615384615384
0 0.2932692307692308 0.6117788461538461 0.1466346153846154 0.13942307692307693
0 0.6033653846153846 0.3329326923076923 0.08413461538461539 0.15865384615384615
0 0.6033653846153846 0.5637019230769231 0.18629807692307693 0.27524038461538464