1 0.25600961538461536 0.48677884615384615 0.0829326923076923 0.06370192307692307
1 0.5588942307692307 0.6105769230769231 0.051682692307692304 0.06971153846153846
1 0.44350961538461536 0.5817307692307693 0.05048076923076923 0.026442307692307692
1 0.36778846153846156 0.5444711538461539 0.019230769230769232 0.020432692307692308
1 0.3173076923076923 0.5228365384615384 0.019230769230769232 0.02403846153846154
1 0.28725961538461536 0.40024038461538464 0.009615384615384616 0.021634615384615384
1 0.3112980769230769 0.39903846153846156 0.016826923076923076 0.03245192307692308
1 0.36658653846153844 0.3918269230769231 0.028846153846153848 0.025240384615384616
1 0.4423076923076923 0.4074519230769231 0.09134615384615384 0.051682692307692304
1 0.5084134615384616 0.40865384615384615 0.019230769230769232 0.016826923076923076
1 0.8257211538461539 0.6658653846153846 0.019230769230769232 0.027644230769230768
1 0.9002403846153846 0.6129807692307693 0.026442307692307692 0.027644230769230768
1 0.6923076923076923 0.6899038461538461 0.16947115384615385 0.13942307692307693
0 0.42788461538461536 0.33052884615384615 0.6466346153846154 0.6454326923076923
1 0.7764423076923077 0.5612980769230769 0.008413461538461538 0.014423076923076924