1 0.1622596153846154 0.8149038461538461 0.15504807692307693 0.22115384615384615
1 0.3245192307692308 0.8365384615384616 0.037259615384615384 0.06490384615384616
1 0.7163461538461539 0.7872596153846154 0.10096153846153846 0.10216346153846154
1 0.5997596153846154 0.6153846153846154 0.11298076923076923 0.1622596153846154
1 0.5504807692307693 0.1778846153846154 0.07932692307692307 0.24158653846153846
1 0.7091346153846154 0.4266826923076923 0.08653846153846154 0.07932692307692307
1 0.7548076923076923 0.31009615384615385 0.03125 0.056490384615384616
1 0.8870192307692307 0.3605769230769231 0.0889423076923077 0.06850961538461539
1 0.4098557692307692 0.26802884615384615 0.06610576923076923 0.06490384615384616
1 0.5949519230769231 0.9266826923076923 0.055288461538461536 0.03365384615384615
1 0.5192307692307693 0.4387019230769231 0.08774038461538461 0.19591346153846154
1 0.40865384615384615 0.8569711538461539 0.04567307692307692 0.042067307692307696