1 0.5877403846153846 0.6887019230769231 0.027644230769230768 0.037259615384615384
1 0.59375 0.7367788461538461 0.021634615384615384 0.03485576923076923
1 0.5456730769230769 0.7079326923076923 0.007211538461538462 0.009615384615384616
1 0.4723557692307692 0.7908653846153846 0.051682692307692304 0.04326923076923077
1 0.5216346153846154 0.8209134615384616 0.028846153846153848 0.019230769230769232
1 0.7163461538461539 0.78125 0.020432692307692308 0.019230769230769232
1 0.6935096153846154 0.7475961538461539 0.014423076923076924 0.02403846153846154
0 0.5372596153846154 0.6826923076923077 0.47836538461538464 0.2980769230769231
1 0.3245192307692308 0.6033653846153846 0.036057692307692304 0.030048076923076924
1 0.3701923076923077 0.6490384615384616 0.013221153846153846 0.014423076923076924
1 0.4026442307692308 0.6935096153846154 0.02403846153846154 0.03485576923076923
1 0.4423076923076923 0.7524038461538461 0.028846153846153848 0.042067307692307696