1 0.17067307692307693 0.7572115384615384 0.17067307692307693 0.06009615384615385
1 0.3161057692307692 0.7199519230769231 0.030048076923076924 0.042067307692307696
1 0.4206730769230769 0.2800480769230769 0.11298076923076923 0.17307692307692307
1 0.4831730769230769 0.3954326923076923 0.0829326923076923 0.125
1 0.5552884615384616 0.5288461538461539 0.08653846153846154 0.14783653846153846
1 0.6574519230769231 0.6658653846153846 0.08413461538461539 0.07692307692307693
1 0.7896634615384616 0.31850961538461536 0.0733173076923077 0.08533653846153846
1 0.5216346153846154 0.20793269230769232 0.056490384615384616 0.1310096153846154
1 0.5012019230769231 0.07211538461538461 0.037259615384615384 0.04807692307692308
1 0.6838942307692307 0.28966346153846156 0.016826923076923076 0.056490384615384616
1 0.5516826923076923 0.7944711538461539 0.03125 0.03125
1 0.3894230769230769 0.7331730769230769 0.03485576923076923 0.039663461538461536
1 0.6502403846153846 0.3798076923076923 0.052884615384615384 0.06009615384615385