1 0.20072115384615385 0.7740384615384616 0.03245192307692308 0.0625
1 0.265625 0.8161057692307693 0.05048076923076923 0.054086538461538464
1 0.375 0.7560096153846154 0.04326923076923077 0.052884615384615384
1 0.4170673076923077 0.8076923076923077 0.10096153846153846 0.04807692307692308
1 0.390625 0.6911057692307693 0.007211538461538462 0.010817307692307692
1 0.6838942307692307 0.5853365384615384 0.015625 0.014423076923076924
1 0.5432692307692307 0.8497596153846154 0.06009615384615385 0.01201923076923077
1 0.6069711538461539 0.8509615384615384 0.010817307692307692 0.009615384615384616
1 0.6478365384615384 0.8497596153846154 0.05048076923076923 0.01201923076923077
1 0.6862980769230769 0.8605769230769231 0.01201923076923077 0.013221153846153846
1 0.7127403846153846 0.8641826923076923 0.02403846153846154 0.015625
1 0.7379807692307693 0.8629807692307693 0.014423076923076924 0.010817307692307692
1 0.8665865384615384 0.8581730769230769 0.06370192307692307 0.018028846153846152
1 0.7860576923076923 0.8521634615384616 0.013221153846153846 0.009615384615384616
1 0.49759615384615385 0.734375 0.02403846153846154 0.030048076923076924
1 0.6370192307692307 0.7175480769230769 0.02403846153846154 0.02283653846153846
1 0.6153846153846154 0.7463942307692307 0.036057692307692304 0.021634615384615384
1 0.4831730769230769 0.6826923076923077 0.14423076923076922 0.07091346153846154
1 0.6382211538461539 0.6598557692307693 0.11658653846153846 0.12259615384615384
0 0.3786057692307692 0.6682692307692307 0.5961538461538461 0.32091346153846156
0 0.7367788461538461 0.8497596153846154 0.125 0.039663461538461536