0 0.24639423076923078 0.38461538461538464 0.47475961538461536 0.7524038461538461
0 0.6237980769230769 0.1971153846153846 0.7475961538461539 0.3557692307692308
1 0.18389423076923078 0.28725961538461536 0.02403846153846154 0.04567307692307692
1 0.2283653846153846 0.49038461538461536 0.14182692307692307 0.13581730769230768
1 0.29927884615384615 0.6754807692307693 0.09615384615384616 0.15865384615384615
1 0.41466346153846156 0.7463942307692307 0.07211538461538461 0.04567307692307692
1 0.484375 0.7536057692307693 0.013221153846153846 0.028846153846153848
1 0.6081730769230769 0.7067307692307693 0.03125 0.05889423076923077
1 0.4723557692307692 0.3317307692307692 0.015625 0.03125
1 0.6237980769230769 0.2620192307692308 0.009615384615384616 0.02283653846153846
1 0.9747596153846154 0.31850961538461536 0.042067307692307696 0.06610576923076923
1 0.6694711538461539 0.3317307692307692 0.013221153846153846 0.020432692307692308