1 0.057692307692307696 0.3161057692307692 0.09975961538461539 0.11538461538461539
1 0.16947115384615385 0.3605769230769231 0.08533653846153846 0.051682692307692304
1 0.24639423076923078 0.36778846153846156 0.02283653846153846 0.04326923076923077
1 0.3485576923076923 0.3870192307692308 0.039663461538461536 0.040865384615384616
1 0.4110576923076923 0.39302884615384615 0.037259615384615384 0.06129807692307692
1 0.4891826923076923 0.42788461538461536 0.040865384615384616 0.05048076923076923
1 0.5625 0.4639423076923077 0.02403846153846154 0.046875
1 0.6081730769230769 0.45552884615384615 0.07091346153846154 0.0733173076923077
1 0.8161057692307693 0.5108173076923077 0.16346153846153846 0.06971153846153846
1 0.9314903846153846 0.5108173076923077 0.06129807692307692 0.09254807692307693
0 0.09735576923076923 0.16105769230769232 0.18269230769230768 0.3137019230769231