1 0.4026442307692308 0.21634615384615385 0.026442307692307692 0.036057692307692304
1 0.1045673076923077 0.5588942307692307 0.1875 0.15865384615384615
1 0.3269230769230769 0.5697115384615384 0.21875 0.07932692307692307
1 0.26322115384615385 0.7584134615384616 0.0733173076923077 0.06610576923076923
1 0.33052884615384615 0.8161057692307693 0.042067307692307696 0.042067307692307696
1 0.3894230769230769 0.8052884615384616 0.06370192307692307 0.140625
1 0.4110576923076923 0.6778846153846154 0.04447115384615385 0.057692307692307696
1 0.4675480769230769 0.6971153846153846 0.052884615384615384 0.07451923076923077
1 0.44471153846153844 0.6105769230769231 0.06009615384615385 0.06129807692307692
1 0.6442307692307693 0.6802884615384616 0.040865384615384616 0.06610576923076923
1 0.7019230769230769 0.7007211538461539 0.055288461538461536 0.0673076923076923
1 0.8076923076923077 0.6790865384615384 0.15144230769230768 0.15144230769230768
1 0.9483173076923077 0.7451923076923077 0.07932692307692307 0.10576923076923077
1 0.5889423076923077 0.6658653846153846 0.03365384615384615 0.051682692307692304
0 0.5012019230769231 0.4014423076923077 0.9807692307692307 0.7536057692307693