1 0.08173076923076923 0.9242788461538461 0.025240384615384616 0.03485576923076923
1 0.13341346153846154 0.9278846153846154 0.03485576923076923 0.037259615384615384
1 0.19110576923076922 0.9314903846153846 0.037259615384615384 0.026442307692307692
1 0.2668269230769231 0.90625 0.020432692307692308 0.030048076923076924
1 0.4170673076923077 0.7259615384615384 0.014423076923076924 0.028846153846153848
1 0.49158653846153844 0.7596153846153846 0.03245192307692308 0.02283653846153846
1 0.5324519230769231 0.75 0.02403846153846154 0.020432692307692308
1 0.5805288461538461 0.7331730769230769 0.020432692307692308 0.026442307692307692
1 0.5721153846153846 0.6826923076923077 0.015625 0.03125
1 0.7151442307692307 0.7043269230769231 0.03125 0.025240384615384616
1 0.7680288461538461 0.6694711538461539 0.040865384615384616 0.030048076923076924
1 0.8317307692307693 0.6478365384615384 0.014423076923076924 0.020432692307692308
1 0.8689903846153846 0.6358173076923077 0.02283653846153846 0.025240384615384616
1 0.34975961538461536 0.8653846153846154 0.038461538461538464 0.03125
1 0.39663461538461536 0.8341346153846154 0.010817307692307692 0.03485576923076923
0 0.4987980769230769 0.4807692307692308 0.9879807692307693 0.9278846153846154