1 0.008413461538461538 0.6033653846153846 0.014423076923076924 0.02403846153846154
1 0.06971153846153846 0.6081730769230769 0.016826923076923076 0.021634615384615384
1 0.12139423076923077 0.5973557692307693 0.01201923076923077 0.030048076923076924
1 0.07451923076923077 0.43509615384615385 0.021634615384615384 0.021634615384615384
1 0.09975961538461539 0.39903846153846156 0.01201923076923077 0.025240384615384616
1 0.7319711538461539 0.33653846153846156 0.039663461538461536 0.040865384615384616
1 0.84375 0.24639423076923078 0.016826923076923076 0.021634615384615384
1 0.8533653846153846 0.23317307692307693 0 0
1 0.890625 0.20793269230769232 0.039663461538461536 0.03365384615384615
1 0.9579326923076923 0.18629807692307693 0.07211538461538461 0.03485576923076923
0 0.49759615384615385 0.36658653846153844 0.9867788461538461 0.7223557692307693