0 0.31971153846153844 0.21995192307692307 0.6081730769230769 0.39663461538461536
1 0.05889423076923077 0.6586538461538461 0.0889423076923077 0.21394230769230768
1 0.140625 0.7115384615384616 0.03125 0.09375
1 0.21995192307692307 0.8269230769230769 0.054086538461538464 0.10096153846153846
1 0.3293269230769231 0.8100961538461539 0.04927884615384615 0.06610576923076923
1 0.7259615384615384 0.3545673076923077 0.039663461538461536 0.046875
1 0.28125 0.24278846153846154 0.028846153846153848 0.030048076923076924
1 0.8725961538461539 0.1622596153846154 0.12259615384615384 0.26802884615384615
1 0.25721153846153844 0.7055288461538461 0.03365384615384615 0.04447115384615385
1 0.5961538461538461 0.5516826923076923 0.021634615384615384 0.06129807692307692
1 0.27403846153846156 0.8125 0.03245192307692308 0.042067307692307696