1 0.03365384615384615 0.5012019230769231 0.06610576923076923 0.06009615384615385
1 0.22956730769230768 0.5901442307692307 0.21033653846153846 0.0625
1 0.3629807692307692 0.6021634615384616 0.026442307692307692 0.019230769230769232
1 0.7091346153846154 0.5865384615384616 0.078125 0.055288461538461536
1 0.4338942307692308 0.6081730769230769 0.021634615384615384 0.021634615384615384
1 0.1622596153846154 0.5048076923076923 0.11778846153846154 0.038461538461538464
1 0.2620192307692308 0.3545673076923077 0.039663461538461536 0.06610576923076923
1 0.2668269230769231 0.4831730769230769 0.06971153846153846 0.06610576923076923
1 0.47716346153846156 0.31009615384615385 0.125 0.052884615384615384
1 0.5817307692307693 0.375 0.052884615384615384 0.078125
1 0.6646634615384616 0.40024038461538464 0.08052884615384616 0.038461538461538464
1 0.8954326923076923 0.4723557692307692 0.12379807692307693 0.040865384615384616
1 0.5745192307692307 0.6418269230769231 0.030048076923076924 0.03125
1 0.32572115384615385 0.3401442307692308 0.028846153846153848 0.03365384615384615
1 0.018028846153846152 0.5456730769230769 0.030048076923076924 0.028846153846153848
0 0.4963942307692308 0.3233173076923077 0.9771634615384616 0.6141826923076923