1 0.24639423076923078 0.7163461538461539 0.027644230769230768 0.025240384615384616
1 0.28846153846153844 0.6502403846153846 0.018028846153846152 0.013221153846153846
1 0.59375 0.5276442307692307 0.030048076923076924 0.03245192307692308
1 0.11298076923076923 0.7848557692307693 0.019230769230769232 0.025240384615384616
1 0.06370192307692307 0.8149038461538461 0.01201923076923077 0.021634615384615384
1 0.09375 0.8293269230769231 0.008413461538461538 0.026442307692307692
1 0.037259615384615384 0.8725961538461539 0.010817307692307692 0.020432692307692308
1 0.013221153846153846 0.8221153846153846 0.013221153846153846 0.021634615384615384
0 0.41466346153846156 0.40384615384615385 0.7992788461538461 0.7824519230769231
1 0.16105769230769232 0.7992788461538461 0.030048076923076924 0.042067307692307696
1 0.5637019230769231 0.5360576923076923 0.013221153846153846 0.007211538461538462