1 0.2764423076923077 0.4519230769230769 0.13942307692307693 0.16346153846153846
1 0.4098557692307692 0.4579326923076923 0.056490384615384616 0.12379807692307693
1 0.3858173076923077 0.6189903846153846 0.02403846153846154 0.051682692307692304
1 0.4723557692307692 0.5180288461538461 0.06370192307692307 0.09735576923076923
1 0.5576923076923077 0.5168269230769231 0.08052884615384616 0.11899038461538461
0 0.21394230769230768 0.2668269230769231 0.3317307692307692 0.5048076923076923
0 0.7824519230769231 0.31850961538461536 0.3317307692307692 0.6045673076923077
1 0.6382211538461539 0.6358173076923077 0.06850961538461539 0.054086538461538464
1 0.3798076923076923 0.4651442307692308 0.1622596153846154 0.1875
1 0.3401442307692308 0.6009615384615384 0.03485576923076923 0.06370192307692307
1 0.1935096153846154 0.5612980769230769 0.039663461538461536 0.046875