1 0.3473557692307692 0.5769230769230769 0.038461538461538464 0.05889423076923077
1 0.38341346153846156 0.5612980769230769 0.025240384615384616 0.018028846153846152
1 0.41466346153846156 0.6129807692307693 0.06370192307692307 0.07932692307692307
1 0.41947115384615385 0.5649038461538461 0.014423076923076924 0.016826923076923076
1 0.46634615384615385 0.5733173076923077 0.052884615384615384 0.028846153846153848
1 0.46153846153846156 0.6237980769230769 0.021634615384615384 0.019230769230769232
1 0.5733173076923077 0.5997596153846154 0.07451923076923077 0.056490384615384616
1 0.4338942307692308 0.6838942307692307 0.030048076923076924 0.06370192307692307
1 0.6358173076923077 0.6057692307692307 0.019230769230769232 0.021634615384615384
1 0.6790865384615384 0.5889423076923077 0.026442307692307692 0.025240384615384616
1 0.8088942307692307 0.5420673076923077 0.019230769230769232 0.02403846153846154
0 0.6201923076923077 0.3762019230769231 0.7127403846153846 0.7211538461538461