0 0.5 0.3737980769230769 0.9915865384615384 0.7427884615384616
1 0.11057692307692307 0.6213942307692307 0.03365384615384615 0.06129807692307692
1 0.6394230769230769 0.4074519230769231 0.015625 0.018028846153846152
1 0.6658653846153846 0.3858173076923077 0.015625 0.019230769230769232
1 0.7415865384615384 0.3329326923076923 0.06129807692307692 0.04807692307692308
1 0.8629807692307693 0.23918269230769232 0.009615384615384616 0.016826923076923076
1 0.8846153846153846 0.21033653846153846 0.020432692307692308 0.028846153846153848
1 0.9459134615384616 0.1935096153846154 0.025240384615384616 0.021634615384615384
1 0.9771634615384616 0.17908653846153846 0.016826923076923076 0.014423076923076924
1 0.009615384615384616 0.6490384615384616 0.014423076923076924 0.02403846153846154
1 0.06971153846153846 0.6117788461538461 0.010817307692307692 0.028846153846153848
1 0.11057692307692307 0.4050480769230769 0.013221153846153846 0.020432692307692308