0 0.6177884615384616 0.4423076923076923 0.7620192307692307 0.8689903846153846
1 0.5084134615384616 0.44591346153846156 0.38461538461538464 0.028846153846153848
1 0.5588942307692307 0.5048076923076923 0.4050480769230769 0.020432692307692308
1 0.5817307692307693 0.5264423076923077 0.3473557692307692 0.015625
1 0.6766826923076923 0.5528846153846154 0.38822115384615385 0.028846153846153848
1 0.953125 0.5492788461538461 0.08653846153846154 0.0625
1 0.8834134615384616 0.40384615384615385 0.15504807692307693 0.036057692307692304
1 0.8713942307692307 0.6346153846153846 0.2403846153846154 0.0829326923076923
1 0.48197115384615385 0.6670673076923077 0.15144230769230768 0.026442307692307692
1 0.5625 0.7331730769230769 0.1875 0.10096153846153846
1 0.6971153846153846 0.6887019230769231 0.038461538461538464 0.021634615384615384
1 0.4795673076923077 0.8149038461538461 0.03245192307692308 0.025240384615384616
1 0.5649038461538461 0.8305288461538461 0.078125 0.040865384615384616
1 0.38100961538461536 0.6045673076923077 0.042067307692307696 0.06009615384615385
1 0.2644230769230769 0.46875 0.028846153846153848 0.019230769230769232
1 0.3016826923076923 0.37740384615384615 0.08653846153846154 0.018028846153846152
1 0.3894230769230769 0.2403846153846154 0.06610576923076923 0.019230769230769232
1 0.3016826923076923 0.27884615384615385 0.05889423076923077 0.04447115384615385
1 0.6550480769230769 0.421875 0.15865384615384615 0.020432692307692308