0 0.4987980769230769 0.36538461538461536 0.9915865384615384 0.7235576923076923
1 0.026442307692307692 0.6502403846153846 0.014423076923076924 0.036057692307692304
1 0.036057692307692304 0.44350961538461536 0.014423076923076924 0.015625
1 0.05048076923076923 0.4639423076923077 0.019230769230769232 0.019230769230769232
1 0.1201923076923077 0.6021634615384616 0.015625 0.040865384615384616
1 0.5853365384615384 0.4519230769230769 0.038461538461538464 0.040865384615384616
1 0.6887019230769231 0.3786057692307692 0.037259615384615384 0.03245192307692308
1 0.7223557692307693 0.3557692307692308 0.014423076923076924 0.018028846153846152
1 0.8052884615384616 0.2956730769230769 0.0985576923076923 0.0985576923076923
1 0.8641826923076923 0.2403846153846154 0.019230769230769232 0.018028846153846152
1 0.9170673076923077 0.21394230769230768 0.025240384615384616 0.025240384615384616
1 0.9627403846153846 0.19831730769230768 0.014423076923076924 0.037259615384615384