0 0.4987980769230769 0.28725961538461536 0.9903846153846154 0.5588942307692307
0 0.9350961538461539 0.6009615384615384 0.125 0.15384615384615385
1 0.8557692307692307 0.6682692307692307 0.021634615384615384 0.03365384615384615
1 0.8269230769230769 0.6153846153846154 0.027644230769230768 0.03485576923076923
1 0.34375 0.6802884615384616 0.013221153846153846 0.03125
1 0.2956730769230769 0.5961538461538461 0.06971153846153846 0.07211538461538461
1 0.45552884615384615 0.5745192307692307 0.11538461538461539 0.08533653846153846
1 0.4651442307692308 0.4855769230769231 0.04326923076923077 0.0625
1 0.515625 0.49399038461538464 0.02403846153846154 0.04326923076923077
1 0.5685096153846154 0.5144230769230769 0.057692307692307696 0.036057692307692304
1 0.5576923076923077 0.5733173076923077 0.018028846153846152 0.028846153846153848
1 0.7596153846153846 0.4807692307692308 0.019230769230769232 0.03245192307692308