1 0.19951923076923078 0.4266826923076923 0.0733173076923077 0.18389423076923078
1 0.4651442307692308 0.5480769230769231 0.36538461538461536 0.17668269230769232
1 0.7944711538461539 0.5901442307692307 0.16947115384615385 0.14302884615384615
1 0.49158653846153844 0.36538461538461536 0.0673076923076923 0.11778846153846154
1 0.5853365384615384 0.30528846153846156 0.06009615384615385 0.13942307692307693
1 0.6911057692307693 0.3161057692307692 0.06490384615384616 0.0673076923076923
1 0.6899038461538461 0.0673076923076923 0.03245192307692308 0.12379807692307693
1 0.828125 0.31971153846153844 0.08653846153846154 0.07211538461538461
1 0.8149038461538461 0.39663461538461536 0.078125 0.040865384615384616
0 0.27403846153846156 0.3786057692307692 0.08774038461538461 0.18870192307692307
0 0.5408653846153846 0.2548076923076923 0.7572115384615384 0.49399038461538464